# Created by Octave 4.0.3, Tue Jul 12 11:13:13 2016 CST <jerrychen@jerry's MacBook Air>
# name: X
# type: scalar struct
# ndims: 2
 1 1
# length: 6
# name: X
# type: matrix
# rows: 12
# columns: 1
 -15.93675813378541
 -29.15297921723813
 36.18954862666253
 37.49218733199513
 -48.05882945257007
 -8.941457938049755
 15.30779288922608
 -34.70626581132249
 1.38915436863589
 -44.38375985168692
 7.013502082404112
 22.7627489197113


# name: y
# type: matrix
# rows: 12
# columns: 1
 2.134310506729669
 1.173256678756455
 34.35910918053895
 36.83795516371235
 2.808965074479856
 2.121072476666392
 14.71026830656231
 2.614184386432259
 3.740171665694939
 3.731691310543067
 7.627658852038035
 22.75242830224221


# name: Xtest
# type: matrix
# rows: 21
# columns: 1
 -33.31800399061839
 -37.91216402831621
 -51.20693794827316
 -6.132595848228624
 21.26118327389843
 -40.31952949030853
 -14.54153167295284
 32.55976024170859
 13.39343254732886
 44.20988594678167
 -1.142677675487955
 -12.76686065227885
 34.05450538959663
 39.22350027740379
 1.974496739238941
 29.62175509870447
 -23.66962970665968
 -9.011801392661441
 -55.94057090677502
 -35.70859751906493
 9.510205326576553


# name: ytest
# type: matrix
# rows: 21
# columns: 1
 3.31688953175636
 5.397689520216154
 0.1304298374520143
 6.192598202383873
 17.08848711547617
 0.7995080467101721
 2.824791834378351
 28.62123333554547
 17.04639080632777
 55.38437334220786
 4.079367333128051
 8.270397934583032
 31.32355101950563
 39.1590610329276
 8.087279893552164
 24.1113438935375
 2.477354802758797
 6.566064719303037
 6.038088801572036
 4.692739558592499
 10.83004606320573


# name: Xval
# type: matrix
# rows: 21
# columns: 1
 -16.74653577802069
 -14.57747074924187
 34.51575865729932
 -47.01007574320076
 36.97511904636279
 -40.68611001536748
 -4.472010975766456
 26.53363489478886
 -42.79768310017955
 25.37409938352766
 -31.10955397730775
 27.31176863521341
 -3.263862013656721
 -1.818276487115875
 -40.71966240251616
 -50.01324364549543
 -17.41177154801638
 3.588193696644129
 7.085480261970673
 46.28236901853893
 14.61228909165654


# name: yval
# type: matrix
# rows: 21
# columns: 1
 4.170202008850627
 4.067262803838973
 31.87306757578933
 10.62365618969515
 31.83602128133837
 4.959369720997111
 4.451598803470352
 22.27631845748984
 -4.387382739157175e-05
 20.50380157930804
 3.858344762697332
 19.36505291560758
 4.883762805453054
 11.09715884838212
 7.461708266154005
 1.476934642298386
 2.719163877647038
 10.92690065536873
 8.348712346301108
 52.78192797904379
 13.35733960607469




